NB,NS,wt,gflops
138,82100,640.03,576.4
202,68700,383.17,564.2
180,45300,109.7,564.9
256,85000,703.14,582.3000000000001
114,61900,287.09,550.8
196,60100,252.68,572.8
106,53900,192.91,541.2
116,87500,778.88,573.4
216,79100,550.26,599.6
104,33200,48.14,506.9
176,57900,233.79,553.5
96,86100,754.44,564.0
210,49700,151.55,540.1
174,78800,571.55,570.8000000000001
92,44200,111.96,514.2
120,39900,77.69,545.0999999999999
80,39700,82.96,502.9
150,92400,921.03,571.0
200,48200,131.46,567.9
84,47200,141.26,496.3
80,45200,121.02,508.7
124,47700,132.34,546.8
192,67600,352.22,584.7
152,50300,147.9,573.7
96,69300,419.74,528.5999999999999
64,45500,123.94,506.70000000000005
78,76400,574.9,517.1
176,85800,707.61,595.0999999999999
88,83500,679.49,571.1999999999999
206,52700,175.75,555.1999999999999
130,73200,464.56,562.9
250,68700,372.01,581.1
140,91000,863.21,582.0
184,95200,963.07,597.3
172,67200,350.18,577.8
114,70800,432.97,546.5
142,53400,185.73,546.6
174,96100,1017.47,581.5
240,65300,315.25,588.9
82,50300,172.08,493.1
126,92400,940.05,559.5
142,61400,273.88,563.5
216,32700,42.01,554.9000000000001
132,73700,462.2,577.4
214,83000,662.98,575.0
228,48100,129.47,573.1
114,37600,66.93,529.5
216,87700,758.64,592.8
168,51500,171.7,530.4
196,78300,537.55,595.4
118,70100,417.99,549.4
138,83700,690.83,565.9
190,47100,126.0,552.9
238,41700,87.5,552.5
242,85400,713.79,581.7
236,96400,991.97,602.1
238,46300,117.82,561.5999999999999
244,80800,597.52,588.6
190,85000,703.64,581.9
100,65500,334.02,560.9
236,87700,756.22,594.7
210,40800,85.15,531.8
214,80400,590.86,586.4
240,51200,158.37,565.0
116,60300,260.43,561.3000000000001
64,81800,689.91,528.9
242,47400,126.62,560.8
172,52200,166.82,568.4
234,61800,273.17,576.0
176,80200,581.25,591.6999999999999
100,70200,413.97,557.1
92,69100,399.32,550.8
192,65100,316.43,581.3
76,36800,67.75,490.4
114,72300,454.0,555.0
136,80400,587.78,589.5
228,74200,465.64,584.9
76,78800,602.23,541.6999999999999
164,93000,909.38,589.7
224,84800,689.46,589.7
178,59700,250.12,567.1999999999999
234,51900,163.24,571.0
202,85800,719.11,585.6
194,96500,1017.05,589.1
120,42600,91.55,563.0
138,82600,659.41,569.8000000000001
152,54900,191.73,575.4
146,38200,68.27,544.4
66,97400,1193.87,516.0
250,68700,376.81,573.7
198,63400,298.66,568.9
90,44600,120.02,492.8
252,83900,659.83,596.6999999999999
170,51600,162.43,563.9
172,49200,141.49,561.2
136,63400,297.34,571.4000000000001
180,95900,990.99,593.3
70,48300,151.77,495.0
66,38400,76.12,495.9
70,34000,55.02,476.19999999999993
102,37600,69.21,512.1
134,44300,106.66,543.4
158,88500,799.48,578.0
116,57700,230.04,556.7
86,43600,107.73,512.9
244,82700,640.75,588.5
102,54300,199.08,536.2
150,67200,365.32,553.8000000000001
118,84600,728.93,553.8000000000001
202,64900,317.2,574.5
112,83900,683.29,576.1999999999999
180,65700,324.49,582.7
202,60900,261.97,574.8000000000001
132,68200,371.54,569.2
230,79100,584.25,564.7
126,47800,135.91,535.8
228,61500,266.73,581.4
188,54100,182.19,579.4
94,43300,104.29,519.0
242,48500,136.56,557.0
132,72500,442.45,574.2
158,36100,59.48,527.3
72,34600,55.33,499.09999999999997
222,71300,418.32,577.7
86,71100,456.56,524.9
122,92900,957.41,558.3000000000001
248,67100,346.94,580.6
64,52000,178.53,525.1
180,44300,101.58,570.6
186,35400,53.81,549.6
98,82900,687.81,552.2
222,94100,937.08,592.8
202,59600,244.71,576.8
144,80700,603.98,580.1
102,79800,626.99,540.3
148,92200,893.83,584.6
222,50800,154.2,566.8000000000001
188,79300,561.46,592.1
110,66100,354.99,542.4000000000001
96,75900,512.09,569.2
152,61400,265.28,581.7
110,32700,45.12,516.6999999999999
248,48500,134.05,567.4000000000001
126,67900,384.35,543.0
212,69400,393.77,565.9
84,47600,153.45,468.6
220,72300,426.26,591.0999999999999
186,36700,60.21,547.4
84,35800,63.64,480.70000000000005
226,77700,533.7,586.0
124,40700,83.97,535.3
120,82600,646.63,581.0
164,46000,115.61,561.3000000000001
158,71600,436.7,560.4
80,96000,1148.98,513.4000000000001
198,80900,603.88,584.5
178,48500,135.22,562.5
154,76800,539.05,560.2
164,70300,399.01,580.5
108,83100,683.58,559.7
80,81300,701.96,510.40000000000003
220,71100,411.94,581.7
162,38300,68.23,549.0
184,78100,535.47,593.1
72,41100,88.11,525.3
84,63300,334.33,505.79999999999995
100,76900,547.95,553.3000000000001
80,83900,751.29,524.0999999999999
142,36800,62.13,534.8
102,94300,1018.54,548.9
140,88500,792.52,583.1
206,63400,299.29,567.6999999999999
136,70000,398.27,574.2
142,64800,327.46,554.0
240,51600,160.83,569.5
150,33500,49.42,507.2
138,76100,520.99,564.0
248,59300,240.93,577.0
80,43500,115.58,474.8
162,95800,1008.22,581.4
234,47400,126.4,561.7
170,47600,128.5,559.6
200,94400,938.46,597.6
208,80000,589.95,578.5999999999999
226,58400,232.53,571.1
100,82900,681.81,557.1
78,42800,104.37,500.8
190,70300,402.66,575.1999999999999
90,57700,244.45,523.9
96,94600,979.98,575.9000000000001
164,45000,107.6,564.6
252,51800,161.5,573.8000000000001
112,42800,93.87,556.9
110,60800,276.53,541.9
168,61100,284.18,535.1
100,43400,107.59,506.59999999999997
72,66200,366.54,527.7
78,64600,348.07,516.4
166,46300,118.84,556.8
204,84800,680.25,597.6
212,64100,317.17,553.5999999999999
98,63300,316.9,533.6
92,85700,759.29,552.7
154,76200,519.01,568.3
146,87700,780.01,576.5
98,55400,210.61,538.1999999999999
78,75600,561.62,512.9
192,39700,73.92,564.3
244,41200,86.8,537.1
194,53700,183.65,562.2
94,94000,1031.56,536.8000000000001
64,78500,612.68,526.4
68,41000,92.24,498.20000000000005
110,56100,221.4,531.7
220,80200,585.35,587.5
98,36300,61.7,516.9
142,93400,949.19,572.3
72,40100,82.87,518.8
128,86200,747.79,571.0
180,94400,935.73,599.4
186,56000,207.0,565.6
216,65000,314.44,582.3000000000001
150,59000,245.23,558.4
70,83000,766.4,497.40000000000003
212,66200,342.64,564.5
152,81300,605.34,591.8000000000001
174,81400,627.41,573.1
66,38500,84.14,452.20000000000005
246,44900,108.1,558.1999999999999
200,38300,70.01,535.0
174,97200,1062.24,576.4
246,32900,43.97,539.9
150,63800,316.22,547.5
212,53400,183.07,554.5
234,62400,279.97,578.5999999999999
152,61300,263.42,583.0
140,48200,135.33,551.7
126,80100,618.43,554.0
92,81500,652.06,553.5
130,48000,136.44,540.4
202,45600,112.28,563.0
224,69100,370.44,593.8
150,78800,576.3,566.0
68,65600,359.01,524.2
184,40100,75.9,566.4
114,88700,831.69,559.4
226,54500,192.74,559.9
192,85300,695.29,595.0999999999999
206,49200,140.71,564.3
254,36800,60.58,548.5
138,50600,156.14,553.2
182,89700,836.03,575.5
108,45700,121.25,524.8000000000001
102,76200,539.6,546.6999999999999
152,34300,48.24,557.7
168,51900,173.52,537.1
162,33800,50.45,510.29999999999995
150,64500,319.24,560.4
82,85100,820.15,501.0
154,74300,484.49,564.4
188,65100,326.08,564.1
140,61900,276.83,571.1999999999999
74,92200,1114.48,468.9
208,61300,267.6,573.9
230,83700,670.9,582.7
182,84800,713.75,569.6
174,80400,604.03,573.6
174,87500,776.8,575.0
106,59700,264.93,535.5
188,84100,666.81,594.7
86,48900,150.56,517.8
216,83600,656.94,592.9
146,86100,748.03,568.9
64,39200,82.8,484.99999999999994
134,51100,163.58,543.8
232,34700,50.41,552.6
172,72700,441.4,580.3
156,91400,864.18,589.1
144,52000,163.05,574.9
254,36800,61.3,542.0
118,58100,242.16,539.9
84,40100,89.21,481.9
142,33200,46.15,528.5999999999999
126,86900,790.94,553.1
156,87600,768.86,582.9
104,57900,233.35,554.6
94,81900,685.85,534.0
162,53000,177.05,560.6
126,44100,110.09,519.4
98,62800,311.87,529.5
136,89100,805.76,585.3
124,92100,916.39,568.4
184,72400,429.69,588.8
80,95400,1091.04,530.5
150,94800,991.8,572.7
76,58300,246.49,536.0
94,59600,264.85,532.9
252,33100,44.47,543.7
182,43500,99.25,552.9
110,68500,391.74,547.0
208,40900,84.11,542.3
212,62300,286.47,562.6999999999999
220,38000,66.47,550.4
242,94500,954.11,589.7
132,68300,375.94,565.0
94,47500,138.74,515.0
120,81800,627.94,581.1
190,76400,510.74,582.1
106,63700,331.03,520.6
160,58700,232.37,580.3
178,60400,259.18,566.8000000000001
228,64800,313.26,579.1
168,84000,735.19,537.5
198,82400,657.87,567.0
190,86800,755.28,577.3
132,97500,1056.49,584.9
168,80300,648.8,532.1
134,45700,117.34,542.3
226,86700,758.15,573.1
88,48400,137.89,548.2
244,52700,171.07,570.4
234,81100,616.71,576.6
214,59600,255.15,553.2
194,67700,359.6,575.3
172,33900,47.4,547.9
104,39500,73.93,555.8
144,70900,415.71,571.6
126,51400,168.09,538.6
88,62300,293.47,549.3000000000001
134,53300,186.78,540.5
234,59400,244.28,572.0
130,61700,283.08,553.2
172,43300,95.49,566.8000000000001
122,38700,73.41,526.4
186,62300,279.49,576.8
176,50700,151.03,575.3
176,94700,950.33,595.8000000000001
144,87400,764.26,582.4
184,84400,678.05,591.0999999999999
98,49300,155.59,513.4000000000001
140,71100,429.63,557.7
66,95100,1143.33,501.49999999999994
192,64100,316.16,555.4
198,91000,868.74,578.3000000000001
232,75500,481.79,595.5
222,83000,659.64,577.9
108,87800,796.98,566.2
94,56600,228.52,529.0
172,63700,299.9,574.6
164,38300,67.57,554.3000000000001
246,42700,95.07,546.0
108,56000,214.15,546.6999999999999
204,93500,907.42,600.5
142,62500,295.93,550.0
132,78500,568.43,567.3
212,60300,260.42,561.3000000000001
244,76000,507.79,576.3
118,44400,111.52,523.3
100,48200,145.28,513.9
204,76000,494.98,591.3000000000001
196,64400,305.07,583.6999999999999
186,86500,745.13,579.1
162,71300,426.05,567.1999999999999
192,75300,481.67,591.0
216,80800,588.75,597.3
252,42100,88.74,560.6
240,85400,690.67,601.1999999999999
74,84400,761.83,526.1
90,84900,747.85,545.5
168,88900,857.14,546.5
154,74200,484.65,562.0
250,72700,447.92,571.9
92,89000,849.05,553.5
120,76900,554.0,547.3
218,36100,56.72,553.0
178,82400,642.85,580.1999999999999
104,65600,332.26,566.4
70,77800,629.95,498.4
202,71700,433.05,567.5
252,63800,295.38,586.1
174,51000,157.22,562.5
240,65700,319.34,592.1
246,91800,876.26,588.6
196,82700,641.43,587.9
208,35900,57.56,535.9
256,91000,848.49,592.1
148,81400,612.69,586.9
74,43300,105.47,513.1999999999999
138,32900,45.5,521.8
112,33400,46.67,532.3000000000001
208,57800,226.13,569.3
104,54500,190.59,566.2
130,78400,577.29,556.5
126,68000,380.37,551.1
134,35100,54.36,530.3
152,90000,834.94,582.1
240,35600,54.32,553.8000000000001
142,95600,1030.44,565.3
78,95900,1120.27,524.9
72,90700,908.51,547.5
186,52500,170.8,564.8
162,74700,487.98,569.5
190,39800,80.11,524.7
206,48300,134.95,556.7
138,32900,45.16,525.8
214,64500,316.14,565.9
132,55000,198.86,557.8000000000001
98,35700,58.02,522.9
180,58800,235.57,575.4
180,36100,57.57,544.8000000000001
160,68500,361.64,592.5
200,94200,917.78,607.2
74,40900,90.45,504.3
122,66700,359.07,551.0
188,55300,196.76,573.0
222,68300,365.94,580.5
198,41800,87.86,554.1999999999999
250,63400,292.84,580.1999999999999
100,39900,79.47,532.9
128,72000,466.19,533.8
104,78900,576.38,568.1
184,46200,122.16,538.1999999999999
142,57700,236.21,542.1999999999999
134,70100,416.97,550.8
92,52500,176.51,546.6
74,54500,214.23,503.8
110,61400,282.95,545.4
100,41100,86.29,536.4
168,57800,245.0,525.5
94,96800,1122.26,538.8
120,84500,702.76,572.4
92,83300,713.75,539.9
168,36900,64.73,517.5
120,82100,631.79,584.0
84,89100,923.64,510.59999999999997
248,68600,373.31,576.5
172,59800,243.6,585.3
144,54100,181.22,582.5
66,35900,62.38,494.5
