NB,NS,wt,gflops
112,57500,225.68,561.5999999999999
168,36200,60.18,525.5
106,37400,66.09,527.8
110,77000,550.72,552.7
254,44000,102.82,552.4
128,74200,493.35,552.1
110,33000,46.91,510.79999999999995
150,63800,323.91,534.5
152,46700,125.54,540.9
244,49800,149.18,551.9
176,92300,908.87,576.8
242,42000,96.18,513.6
176,93300,905.55,597.9
96,81900,649.76,563.6999999999999
224,48100,133.52,555.7
154,64300,318.81,555.9
122,50700,161.16,539.1
100,96500,1078.16,555.7
164,64300,312.92,566.4
106,53800,196.39,528.5999999999999
184,84300,676.97,590.0
156,36400,59.03,544.7
172,60500,256.44,575.6999999999999
174,53100,178.0,560.8
160,85000,696.49,587.8
64,82300,709.04,524.0999999999999
128,83100,681.24,561.5999999999999
218,47400,128.26,553.5999999999999
196,56000,201.71,580.4
182,37600,64.71,547.7
252,97900,1052.45,594.4
254,96200,1025.06,579.0
244,97700,1050.79,591.6999999999999
252,97200,1033.33,592.5
252,95000,969.42,589.6
248,97900,1054.23,593.4
232,97200,1034.52,591.8000000000001
208,97800,1089.48,572.4
248,97500,1032.43,598.5
242,97300,1036.27,592.6
242,97800,1054.67,591.3000000000001
214,97800,1057.83,589.5
240,97400,1030.47,597.8
220,97300,1038.62,591.3000000000001
246,97500,1052.21,587.3000000000001
254,97700,1058.35,587.5
254,97100,1038.23,587.9
246,97100,1064.61,573.3
238,97600,1064.94,582.0
230,97000,1027.33,592.3
246,96700,1024.98,588.1
252,96500,1014.82,590.4
254,97500,1059.45,583.1999999999999
244,97900,1058.26,591.0999999999999
240,97700,1051.72,591.2
234,95700,977.98,597.5
234,97800,1062.55,586.9
230,97900,1063.48,588.1999999999999
212,97800,2518.14,247.7
68,97100,14222.01,42.92
250,97200,5595.88,109.4
200,97200,6215.43,98.5
64,97200,15302.08,40.010000000000005
254,97800,5616.93,111.00000000000001
116,33000,389.05,61.589999999999996
236,97200,5734.34,106.80000000000001
256,94900,4999.81,113.99999999999999
70,32200,532.48,41.8
200,97000,6199.64,98.14
242,91000,4676.8,107.4
116,33300,403.53,61.01
252,95000,5197.48,110.00000000000001
64,93500,13446.1,40.53
240,95300,5375.51,107.3
206,92300,5288.16,99.13
254,95100,5229.68,109.60000000000001
118,34100,422.41,62.58
176,97500,6776.09,91.19
184,95100,6158.54,93.11
128,35200,433.98,67.0
150,36300,434.71,73.36
146,33000,334.78,71.57
254,96800,5490.49,110.1
148,33300,343.76,71.62
208,96500,5995.06,99.93
