NB,NS,wt,gflops
138,92500,905.89,582.5
70,41400,95.99,492.90000000000003
250,86300,711.46,602.3
158,58500,233.21,572.3
118,96300,1051.35,566.3000000000001
132,58700,234.58,574.8000000000001
64,54200,199.06,533.3000000000001
194,81000,597.14,593.3
112,67700,351.61,588.3
180,57800,222.5,578.5999999999999
130,81600,633.87,571.5
244,56800,209.29,583.6999999999999
120,32100,39.61,556.8
116,67100,350.33,574.9
164,96800,1002.77,603.0
64,84900,751.7,542.8
120,88300,772.83,593.9
246,41500,85.04,560.4
182,93600,921.73,593.1
208,53300,176.76,571.1
84,43600,109.98,502.4
232,82400,613.97,607.5
162,79900,580.23,586.1
204,70000,388.93,588.0
124,76200,507.03,581.8
70,91400,980.06,519.4
80,62500,309.78,525.4
248,77400,512.92,602.7
100,54600,192.84,562.6999999999999
226,91000,832.0,603.8000000000001
172,68100,355.5,592.3
244,84600,664.58,607.4
64,87800,831.72,542.5
80,58200,248.92,528.0
88,33100,44.24,546.5
106,88700,824.25,564.5
240,70300,386.84,598.8000000000001
66,92600,1009.64,524.3000000000001
106,54500,195.35,552.5
206,63300,289.57,584.0
124,59100,240.85,571.4000000000001
90,54300,197.0,541.8000000000001
186,91000,839.58,598.4
250,36300,57.35,556.1
230,81600,607.39,596.4000000000001
252,37400,62.34,559.5
140,90000,849.13,572.4
80,67400,390.8,522.3
234,47400,124.45,570.5
76,76800,555.05,544.1
102,90100,873.55,558.1999999999999
96,64900,324.76,561.2
230,70600,397.96,589.5
90,61700,285.63,548.3
198,59000,236.8,578.2
92,55800,210.61,550.0
162,83300,657.84,585.8
200,95100,930.38,616.3000000000001
238,61300,262.57,584.9
254,32600,42.28,546.3
122,61500,274.89,564.1
174,91800,874.04,590.1
190,64300,305.35,580.4
112,40900,80.87,564.1
212,72600,439.94,579.9000000000001
162,62100,276.72,577.0
202,74300,461.76,592.1999999999999
220,82700,626.16,602.2
84,79700,645.18,523.1
160,75300,475.32,598.8000000000001
138,59100,241.66,569.5
152,33900,46.11,563.3
80,35700,59.24,512.1
186,87200,743.8,594.3
154,42700,93.36,556.0
212,67700,363.37,569.3
88,42200,93.16,537.8
194,39000,70.87,558.0
112,61600,266.96,583.6999999999999
186,80500,588.47,591.0
134,64900,322.13,565.7
88,55300,198.79,567.1999999999999
126,34600,51.68,534.4
176,54600,184.16,589.2
76,51300,168.49,534.1999999999999
132,46100,114.94,568.3
234,83700,652.06,599.5
206,39200,71.7,560.1
80,75100,534.47,528.3000000000001
102,78100,571.71,555.5
216,61500,260.54,595.2
84,66700,382.68,517.0
172,32700,41.75,558.3000000000001
214,88100,760.07,599.8000000000001
170,86000,717.74,590.8000000000001
190,79100,560.77,588.4000000000001
140,60500,251.68,586.5999999999999
204,68500,358.78,597.3
78,38400,74.71,505.3
196,92300,861.59,608.5
176,55800,205.19,564.5
64,58600,250.54,535.5
84,45400,123.75,504.2
116,39400,73.56,554.3000000000001
182,69400,383.56,581.0
178,53000,172.76,574.5
122,82100,647.8,569.5
144,52500,165.43,583.1999999999999
152,92400,867.65,606.2
204,39800,74.35,565.3
216,32400,40.61,558.3000000000001
230,54000,181.7,577.8
128,84300,707.98,564.1
64,74800,517.51,539.1
170,78000,541.1,584.7
196,46700,120.01,565.8000000000001
168,55000,202.61,547.5
192,66600,329.42,597.8
160,73600,447.89,593.4
120,71900,423.19,585.6
218,71000,403.16,591.9
148,75700,488.77,591.6999999999999
224,66600,330.21,596.4000000000001
120,70600,405.37,578.7
150,45100,110.48,553.5999999999999
108,55300,198.91,566.8000000000001
126,41500,88.43,538.9
174,69800,391.18,579.6
198,93000,896.01,598.5
128,50300,149.39,568.0
224,36300,57.69,552.8
158,44000,101.65,558.6999999999999
186,82700,636.17,592.6999999999999
120,34000,46.97,557.9
64,94100,1019.1,545.0999999999999
66,80100,661.21,518.2
202,64200,301.32,585.5
110,49400,148.16,542.5
212,33300,45.89,536.5
166,82800,647.05,584.9
216,63000,280.77,593.7
252,32000,39.9,547.6
98,35500,56.33,529.6
152,39800,73.7,570.3000000000001
192,36300,56.58,563.6
190,37300,62.53,553.3000000000001
96,38100,70.88,520.2
94,46500,126.42,530.1999999999999
182,36800,60.34,550.6
200,57000,207.98,593.6
134,75600,504.41,571.1
118,65000,329.87,555.0
170,68900,383.07,569.2
224,74900,463.23,604.6999999999999
74,79800,635.17,533.4
196,77200,513.23,597.7
150,86600,743.32,582.5
120,65800,324.08,586.1
88,83200,662.41,579.6
82,71800,481.99,512.0
82,37100,69.16,492.2
228,78600,538.15,601.6
144,35100,51.37,561.3000000000001
202,59300,239.17,581.3
254,68900,371.25,587.4
172,90700,823.1,604.4
250,74100,458.09,592.1
132,69300,379.66,584.4
84,83700,749.9,521.3
252,85500,689.98,603.9
64,32000,43.84,498.29999999999995
78,68300,405.97,523.2
126,87900,793.96,570.3000000000001
144,70200,387.12,595.8000000000001
76,78600,589.45,549.2
86,60000,269.74,533.9000000000001
100,55400,201.53,562.5
136,91800,863.01,597.6
178,39200,72.04,557.5
168,61100,276.35,550.3
118,62800,298.45,553.3000000000001
178,50000,146.17,570.0999999999999
192,47200,120.16,583.4
126,80700,625.46,560.2
74,69700,423.96,532.5
94,67500,376.96,543.9
132,74500,472.62,583.3000000000001
90,55300,209.72,537.6
104,44900,106.54,566.5
200,61700,261.54,598.7
108,49100,140.96,559.9
240,36500,57.74,561.4
76,95300,1059.23,544.8000000000001
148,60300,250.28,584.1
92,57500,227.96,556.0
220,75700,481.94,600.1
250,81400,605.07,594.3
244,39600,73.98,559.6
80,61000,290.77,520.4
172,88700,772.25,602.5
212,75600,495.28,581.6
116,60300,255.7,571.6999999999999
254,52900,171.99,573.9
256,88600,782.54,592.5
170,37200,61.95,554.1
72,69800,405.65,558.9000000000001
160,37600,62.27,569.2
168,49000,145.58,538.8
138,51800,164.82,562.2
138,93000,921.79,581.7
74,95900,1091.45,538.6999999999999
172,66700,333.65,592.9
110,56900,224.15,547.9
206,67500,350.29,585.3
106,82200,656.17,564.3
214,63300,296.45,570.4
216,38600,67.48,568.2
248,38700,69.3,557.5999999999999
130,54600,193.49,560.9
174,48100,131.35,564.9
118,68600,386.91,556.3
70,40400,89.2,492.8
168,66400,360.07,542.0
156,63300,287.59,588.0
118,38200,69.81,532.4
188,52600,165.71,585.5
176,86500,710.15,607.5999999999999
98,91400,908.17,560.5
124,90800,847.22,589.1
184,69200,367.24,601.6
94,78900,598.95,546.6999999999999
110,56700,221.95,547.5
158,81100,609.17,583.8
252,79100,550.66,599.2
86,70100,428.34,536.2
86,62800,309.01,534.4
164,83600,650.49,598.8000000000001
138,54300,188.2,567.1999999999999
192,89500,784.19,609.5
70,44000,113.52,500.3
106,95800,1033.18,567.3
70,90900,976.8,512.6
212,50100,148.86,563.1999999999999
198,77600,530.01,587.8
174,80500,591.99,587.5
130,34000,48.6,539.2
108,91600,881.78,581.1
150,62900,291.32,569.5
78,39300,80.0,505.90000000000003
68,75500,537.57,533.6999999999999
214,45600,111.33,567.8
72,67700,371.06,557.5
138,77700,543.16,575.8
168,87900,803.53,563.5
194,44700,104.47,570.0
242,84900,681.67,598.5
90,90200,883.38,553.9
80,37200,67.0,512.3000000000001
144,45600,114.64,551.4
114,84200,703.17,566.0
106,66700,354.61,557.9
180,69900,381.3,597.2
164,34800,50.21,559.6
148,90300,818.36,599.8000000000001
100,45500,113.29,554.4
142,71100,416.56,575.1999999999999
120,50200,146.88,574.2
202,52600,168.28,576.6
74,77200,573.91,534.5
104,95200,980.5,586.7
144,37800,63.43,567.6999999999999
76,80400,635.39,545.3000000000001
182,71600,418.76,584.4
214,34900,51.32,552.3
200,92200,853.98,611.9
98,36600,61.56,531.0
232,33300,44.14,557.8000000000001
214,39500,73.69,557.5999999999999
248,41800,85.68,568.3
112,47700,126.98,569.9
220,41000,80.73,569.2
186,64200,301.97,584.1999999999999
238,87300,737.03,601.8
124,53100,175.5,568.8
150,83400,669.19,577.9
226,57000,212.7,580.5
196,67200,339.16,596.5
246,49700,143.3,571.1
204,97400,1012.15,608.6
212,48700,137.12,561.5999999999999
238,44100,101.04,565.9
86,57800,242.14,531.7
68,63700,324.94,530.3
134,68200,371.36,569.5
222,35700,54.89,552.7
72,72400,455.16,555.9
166,69700,388.54,581.0
88,63500,301.58,566.0
236,38900,69.35,565.9
254,42700,92.44,561.5
106,70400,416.48,558.5
76,80900,650.74,542.5
226,38500,67.98,559.7
238,72300,424.28,593.9
106,71100,431.39,555.5
206,50700,152.16,571.0
106,78700,577.22,563.0
102,78200,574.1,555.3
80,36800,65.62,506.29999999999995
64,57000,231.73,532.8000000000001
182,85600,706.07,592.1999999999999
240,45500,109.04,575.9000000000001
158,77600,537.47,579.6
180,70300,387.21,598.2
238,74900,470.47,595.4
184,76400,490.74,605.8
78,78700,617.33,526.4
64,67100,375.43,536.5
118,92300,964.16,543.7
164,50600,149.02,579.6
176,65500,316.66,591.6
238,89000,783.97,599.5
226,33500,45.7,548.4
142,86900,755.07,579.4
154,50000,147.25,566.0
84,89500,910.49,524.9
112,57900,225.45,574.0
174,69700,387.02,583.3000000000001
176,67100,337.3,597.1
202,97900,1037.6,602.9
130,84800,709.18,573.3
70,78900,637.05,514.0
90,39100,75.78,525.9000000000001
208,76200,499.38,590.7
168,36700,62.33,528.7
108,69500,410.73,544.9
204,52300,163.12,584.7
166,52700,171.68,568.4
66,44900,119.61,504.6
90,65800,347.63,546.4000000000001
104,68700,370.6,583.3000000000001
214,54700,189.0,577.3
118,41600,89.61,535.6
162,57600,222.06,573.8000000000001
90,41600,91.02,527.3
252,81300,600.25,596.8
212,32300,41.68,539.0
100,87900,786.01,576.0
230,91400,849.1,599.5
196,86900,721.19,606.6
242,72500,427.19,594.7
224,37200,60.5,567.3
186,68900,372.51,585.4
224,45800,110.57,579.3000000000001
202,86000,707.68,599.2
230,50800,153.01,571.1999999999999
154,80400,595.93,581.4
170,76100,502.0,585.3
210,35100,53.32,540.8000000000001
72,95600,1031.55,564.7
202,68600,364.17,591.0
160,67200,341.15,593.0
226,41800,86.16,565.1
240,50300,146.26,580.1
214,40500,78.95,561.0
226,86300,730.24,586.8000000000001
156,54000,180.48,581.7
110,79500,599.6,558.6999999999999
236,61500,264.19,587.0
128,80900,604.11,584.3
152,83900,654.22,601.8
200,40100,74.81,574.6
182,85300,699.56,591.5
172,84100,660.54,600.4
144,49400,138.72,579.4
240,54300,182.14,586.0
180,91000,829.23,605.9
118,76800,539.92,559.3
250,74700,466.88,595.2
92,95000,1006.59,567.9
168,36400,60.98,527.3
100,52900,176.0,560.8
196,64000,293.16,596.1999999999999
198,44300,102.43,565.8000000000001
142,33200,45.19,539.9
122,97900,1093.69,572.0
196,41700,84.78,570.2
90,91000,906.54,554.1999999999999
84,90300,929.93,527.9
