NB,NS,wt,gflops
64,32000,43.61,500.90000000000003
72,32000,41.21,530.1
80,32000,46.29,472.0
88,32000,40.63,537.6999999999999
96,32000,40.1,544.8000000000001
104,32000,41.99,520.2
112,32000,39.68,550.6
120,32000,42.78,510.70000000000005
128,32000,40.16,544.1
136,32000,39.0,560.2
144,32000,38.97,560.6
152,32000,38.9,561.5999999999999
160,32000,39.97,546.6
168,32000,41.97,520.5
176,32000,38.75,563.8
184,32000,39.99,546.3
192,32000,39.08,559.1
200,32000,40.72,536.5999999999999
208,32000,39.75,549.6
216,32000,38.91,561.5
224,32000,39.13,558.4
232,32000,39.1,558.6999999999999
240,32000,40.27,542.4000000000001
248,32000,40.84,534.9
256,32000,40.71,536.7
64,34000,51.57,508.2
72,34000,50.5,518.9
80,34000,52.59,498.29999999999995
88,34000,49.48,529.6
96,34000,49.71,527.2
104,34000,48.79,537.1
112,34000,48.14,544.4
120,34000,46.99,557.5999999999999
128,34000,47.11,556.2
136,34000,46.61,562.2
144,34000,47.24,554.6999999999999
152,34000,48.35,542.0
160,34000,48.27,542.9
168,34000,51.19,511.9
176,34000,47.04,557.1
184,34000,46.28,566.2
192,34000,47.23,554.8
200,34000,46.87,559.0
208,34000,47.94,546.6999999999999
216,34000,47.47,552.1
224,34000,46.21,567.1
232,34000,46.8,560.0
240,34000,46.83,559.5
248,34000,46.72,560.9
256,34000,50.23,521.6999999999999
64,36000,68.5,454.1
72,36000,59.14,526.0
80,36000,61.5,505.79999999999995
88,36000,56.55,550.1
96,36000,55.61,559.4
104,36000,55.99,555.6
112,36000,60.02,518.3
120,36000,55.32,562.2
128,36000,57.71,539.0
136,36000,57.58,540.2
144,36000,56.01,555.3
152,36000,56.36,551.9
160,36000,55.64,559.1
168,36000,58.93,527.9
176,36000,56.35,552.0
184,36000,54.67,569.0
192,36000,58.0,536.3000000000001
200,36000,54.41,571.6999999999999
208,36000,56.35,552.0
216,36000,54.58,569.9
224,36000,59.1,526.3
232,36000,55.61,559.3
240,36000,56.48,550.6999999999999
248,36000,56.62,549.4
256,36000,57.26,543.2
64,38000,69.94,523.1
72,38000,68.61,533.1999999999999
80,38000,73.1,500.4
88,38000,67.48,542.1999999999999
96,38000,65.63,557.4
104,38000,65.37,559.7
112,38000,67.49,542.1
120,38000,72.31,505.90000000000003
128,38000,69.31,527.8
136,38000,66.91,546.8
144,38000,64.12,570.6
152,38000,64.9,563.6999999999999
160,38000,66.93,546.6
168,38000,70.71,517.3
176,38000,64.07,571.0
184,38000,64.0,571.6
192,38000,66.51,550.0
200,38000,65.18,561.2
208,38000,65.31,560.2
216,38000,65.99,554.4
224,38000,64.46,567.6
232,38000,67.34,543.3
240,38000,66.65,548.9
248,38000,65.56,558.0
256,38000,66.76,548.0
64,40000,81.74,522.0
72,40000,79.22,538.6
80,40000,83.19,512.9
88,40000,77.79,548.5
96,40000,80.31,531.3
104,40000,75.71,563.6
112,40000,76.79,555.6
120,40000,76.68,556.4
128,40000,80.51,530.0
136,40000,76.77,555.8
144,40000,75.37,566.2
152,40000,80.4,530.7
160,40000,75.54,564.9
168,40000,81.47,523.7
176,40000,77.82,548.3
184,40000,77.37,551.5
192,40000,76.45,558.1
200,40000,74.7,571.1999999999999
208,40000,75.98,561.5999999999999
216,40000,76.34,559.0
224,40000,76.83,555.4
232,40000,74.35,573.9
240,40000,76.63,556.8
248,40000,78.94,540.5
256,40000,77.79,548.5
64,42000,97.96,504.2
72,42000,91.85,537.8
80,42000,98.19,503.09999999999997
88,42000,94.51,522.6
96,42000,90.98,542.9
104,42000,90.74,544.3
112,42000,88.81,556.2
120,42000,89.68,550.8
128,42000,88.53,558.0
136,42000,87.44,564.9
144,42000,86.95,568.1
152,42000,86.98,567.9
160,42000,85.73,576.1999999999999
168,42000,93.17,530.1999999999999
176,42000,92.06,536.5999999999999
184,42000,86.45,571.4000000000001
192,42000,86.7,569.7
200,42000,89.02,554.9000000000001
208,42000,91.69,538.6999999999999
216,42000,88.05,561.0
224,42000,88.32,559.1999999999999
232,42000,91.4,540.4
240,42000,86.29,572.4
248,42000,86.63,570.2
256,42000,89.66,550.9000000000001
64,44000,108.64,522.7
72,44000,104.49,543.5
80,44000,109.74,517.5
88,44000,101.62,558.9000000000001
96,44000,103.92,546.5
104,44000,104.0,546.1
112,44000,100.62,564.4
120,44000,105.17,540.0
128,44000,108.63,522.8
136,44000,107.0,530.8
144,44000,101.46,559.7
152,44000,97.93,579.9000000000001
160,44000,105.29,539.4
168,44000,111.57,509.0
176,44000,98.05,579.1999999999999
184,44000,103.55,548.4
192,44000,103.11,550.8
200,44000,99.32,571.8
208,44000,99.88,568.6
216,44000,98.83,574.6
224,44000,100.43,565.5
232,44000,99.27,572.1
240,44000,98.94,574.0
248,44000,98.7,575.4
256,44000,101.24,560.9
64,46000,141.28,459.3
72,46000,130.99,495.4
80,46000,131.0,495.4
88,46000,130.06,498.9
96,46000,127.09,510.59999999999997
104,46000,115.29,562.9
112,46000,114.48,566.8000000000001
120,46000,117.95,550.1999999999999
128,46000,121.46,534.3
136,46000,120.53,538.4000000000001
144,46000,118.16,549.2
152,46000,116.61,556.5
160,46000,116.41,557.4
168,46000,120.38,539.1
176,46000,114.22,568.2
184,46000,111.61,581.4
192,46000,121.75,533.0
200,46000,110.75,585.9
208,46000,118.03,549.8000000000001
216,46000,126.04,514.9
224,46000,111.09,584.1999999999999
232,46000,117.13,554.0
240,46000,112.59,576.4
248,46000,113.86,570.0
256,46000,116.0,559.4
64,48000,140.17,526.0
72,48000,138.57,532.1
80,48000,150.49,490.00000000000006
88,48000,137.49,536.3000000000001
96,48000,138.73,531.5
104,48000,131.14,562.2
112,48000,129.71,568.4
120,48000,134.98,546.1999999999999
128,48000,135.15,545.5
136,48000,133.57,552.0
144,48000,130.39,565.5
152,48000,128.03,575.9000000000001
160,48000,131.38,561.2
168,48000,137.32,536.9
176,48000,128.21,575.1
184,48000,132.47,556.6
192,48000,127.41,578.7
200,48000,129.96,567.3
208,48000,134.5,548.2
216,48000,134.22,549.3000000000001
224,48000,126.38,583.4
232,48000,126.41,583.3000000000001
240,48000,134.29,549.0
248,48000,127.63,577.7
256,48000,133.22,553.5
64,50000,163.56,509.5
72,50000,152.25,547.4
80,50000,159.62,522.1
88,50000,147.97,563.1999999999999
96,50000,155.88,534.6
104,50000,150.63,553.3000000000001
112,50000,144.59,576.4
120,50000,145.86,571.3
128,50000,148.2,562.3000000000001
136,50000,145.45,573.0
144,50000,145.28,573.6
152,50000,143.93,579.0
160,50000,142.57,584.5
168,50000,153.56,542.6999999999999
176,50000,145.65,572.2
184,50000,152.68,545.8000000000001
192,50000,152.77,545.5
200,50000,141.31,589.7
208,50000,155.2,537.0
216,50000,153.29,543.7
224,50000,146.43,569.1
232,50000,144.6,576.3
240,50000,145.99,570.8000000000001
248,50000,142.95,583.0
256,50000,145.02,574.6
64,52000,180.43,519.6
72,52000,175.54,534.0
80,52000,189.62,494.4
88,52000,165.78,565.5
96,52000,166.51,563.0
104,52000,163.53,573.2
112,52000,163.12,574.7
120,52000,166.45,563.1999999999999
128,52000,172.63,543.0
136,52000,166.04,564.6
144,52000,166.59,562.6999999999999
152,52000,169.37,553.5
160,52000,174.61,536.9
168,52000,185.11,506.4
176,52000,165.52,566.3000000000001
184,52000,175.43,534.3
192,52000,164.36,570.4
200,52000,166.93,561.5999999999999
208,52000,162.5,576.9
216,52000,167.69,559.0
224,52000,162.07,578.4
232,52000,165.63,566.0
240,52000,166.36,563.5
248,52000,169.28,553.8000000000001
256,52000,166.83,561.9
64,54000,221.06,474.9
72,54000,196.37,534.6
80,54000,200.28,524.2
88,54000,185.71,565.3
96,54000,203.51,515.8000000000001
104,54000,183.31,572.7
112,54000,193.87,541.5
120,54000,188.88,555.8
128,54000,190.48,551.1
136,54000,187.44,560.1
144,54000,179.51,584.8
152,54000,177.92,590.0
160,54000,186.73,562.2
168,54000,197.71,531.0
176,54000,193.64,542.1
184,54000,185.39,566.3000000000001
192,54000,196.38,534.6
200,54000,188.32,557.5
208,54000,186.51,562.9
216,54000,182.92,573.9
224,54000,189.14,555.1
232,54000,186.17,563.9
240,54000,190.65,550.6
248,54000,185.7,565.3
256,54000,189.43,554.1999999999999
64,56000,220.36,531.3
72,56000,219.76,532.8000000000001
80,56000,224.75,521.0
88,56000,222.75,525.6
96,56000,218.72,535.3
104,56000,208.88,560.5
112,56000,204.87,571.5
120,56000,201.96,579.6999999999999
128,56000,215.11,544.3
136,56000,200.89,582.8000000000001
144,56000,205.11,570.8000000000001
152,56000,208.22,562.3000000000001
160,56000,200.2,584.8
168,56000,215.13,544.2
176,56000,209.86,557.9
184,56000,202.02,579.6
192,56000,205.51,569.7
200,56000,209.97,557.5999999999999
208,56000,202.4,578.5
216,56000,205.23,570.5
224,56000,205.88,568.7
232,56000,203.4,575.6
240,56000,206.3,567.5
248,56000,206.16,567.9
256,56000,213.06,549.5
64,58000,250.75,518.8
72,58000,238.38,545.6999999999999
80,58000,250.88,518.5
88,58000,235.2,553.1
96,58000,226.04,575.5
104,58000,234.15,555.5
112,58000,226.15,575.1999999999999
120,58000,226.47,574.4
128,58000,233.84,556.3
136,58000,227.42,572.0
144,58000,224.3,579.9000000000001
152,58000,221.13,588.3
160,58000,227.81,571.0
168,58000,237.41,547.9
176,58000,227.05,572.9
184,58000,220.71,589.4
192,58000,231.16,562.6999999999999
200,58000,222.59,584.4
208,58000,239.54,543.0
216,58000,218.78,594.6
224,58000,225.89,575.8
232,58000,222.86,583.6999999999999
240,58000,221.02,588.5
248,58000,219.27,593.2
256,58000,226.88,573.3
64,60000,275.19,523.3
72,60000,273.66,526.1999999999999
80,60000,273.68,526.1999999999999
88,60000,253.5,568.1
96,60000,262.38,548.9
104,60000,253.21,568.7
112,60000,257.47,559.3
120,60000,255.48,563.6999999999999
128,60000,251.56,572.5
136,60000,259.94,554.0
144,60000,247.89,580.9
152,60000,249.97,576.1
160,60000,250.76,574.3000000000001
168,60000,264.41,544.6
176,60000,249.99,576.0
184,60000,249.11,578.1
192,60000,254.67,565.5
200,60000,262.01,549.6
208,60000,247.74,581.3
216,60000,248.25,580.1
224,60000,260.81,552.2
232,60000,245.63,586.3000000000001
240,60000,253.89,567.1999999999999
248,60000,255.77,563.0
256,60000,252.55,570.2
64,62000,318.63,498.7
72,62000,297.79,533.6
80,62000,314.17,505.70000000000005
88,62000,289.7,548.5
96,62000,274.59,578.5999999999999
104,62000,273.98,579.9000000000001
112,62000,275.21,577.3
120,62000,277.94,571.6999999999999
128,62000,271.69,584.8
136,62000,281.07,565.3
144,62000,288.03,551.6
152,62000,269.14,590.4
160,62000,267.36,594.3
168,62000,293.87,540.7
176,62000,266.78,595.6
184,62000,280.2,567.1
192,62000,294.1,540.3
200,62000,273.03,581.9
208,62000,287.92,551.9
216,62000,268.34,592.1
224,62000,278.97,569.6
232,62000,268.05,592.8
240,62000,267.2,594.6
248,62000,280.36,566.6999999999999
256,62000,288.35,551.0
64,64000,369.16,473.4
72,64000,341.19,512.2
80,64000,359.25,486.5
88,64000,318.09,549.4
96,64000,309.15,565.3
104,64000,309.21,565.2
112,64000,316.44,552.3
120,64000,312.74,558.8
128,64000,315.34,554.1999999999999
136,64000,298.4,585.7
144,64000,301.66,579.4
152,64000,293.66,595.0999999999999
160,64000,321.94,542.9
168,64000,319.42,547.1
176,64000,297.37,587.6999999999999
184,64000,290.93,600.6999999999999
192,64000,301.74,579.1999999999999
200,64000,308.75,566.0
208,64000,311.31,561.4
216,64000,296.68,589.1
224,64000,298.8,584.9
232,64000,308.67,566.2
240,64000,305.58,571.9
248,64000,311.07,561.8000000000001
256,64000,309.86,564.0
64,66000,369.0,519.4
72,66000,354.49,540.7
80,66000,365.27,524.7
88,66000,342.97,558.8
96,66000,352.18,544.2
104,66000,348.98,549.2
112,66000,344.78,555.9
120,66000,329.28,582.1
128,66000,325.7,588.5
136,66000,341.24,561.7
144,66000,338.11,566.9
152,66000,324.13,591.3000000000001
160,66000,340.52,562.9
168,66000,364.84,525.3
176,66000,335.42,571.4000000000001
184,66000,320.87,597.3
192,66000,338.34,566.5
200,66000,318.99,600.9000000000001
208,66000,353.26,542.6
216,66000,337.34,568.2
224,66000,332.84,575.9000000000001
232,66000,319.53,599.9
240,66000,335.03,572.1
248,66000,334.04,573.8000000000001
256,66000,342.47,559.7
64,68000,402.73,520.5
72,68000,387.71,540.7
80,68000,395.59,529.9000000000001
88,68000,370.76,565.4
96,68000,374.07,560.4
104,68000,378.04,554.5
112,68000,368.71,568.5
120,68000,359.78,582.7
128,68000,367.15,571.0
136,68000,352.48,594.7
144,68000,355.72,589.3
152,68000,357.66,586.1
160,68000,359.79,582.5999999999999
168,68000,382.17,548.5
176,68000,350.4,598.2
184,68000,355.72,589.3
192,68000,355.1,590.3
200,68000,360.21,582.0
208,68000,369.86,566.8000000000001
216,68000,352.52,594.7
224,68000,358.09,585.4
232,68000,353.65,592.8
240,68000,360.88,580.9
248,68000,370.22,566.2
256,68000,358.63,584.5
64,70000,432.21,529.1
72,70000,433.02,528.1
80,70000,446.53,512.1
88,70000,414.69,551.4
96,70000,403.23,567.1
104,70000,402.37,568.3
112,70000,392.23,583.0
120,70000,394.97,579.0
128,70000,396.9,576.1
136,70000,396.71,576.4
144,70000,386.2,592.1
152,70000,382.81,597.4
160,70000,397.6,575.1
168,70000,413.04,553.5999999999999
176,70000,385.3,593.5
184,70000,391.96,583.4
192,70000,379.94,601.9
200,70000,393.89,580.6
208,70000,408.05,560.4
216,70000,394.38,579.8
224,70000,392.72,582.3000000000001
232,70000,396.46,576.8
240,70000,382.13,598.4
248,70000,388.58,588.5
256,70000,395.88,577.6
64,72000,464.67,535.5
72,72000,467.76,532.0
80,72000,492.36,505.40000000000003
88,72000,459.36,541.6999999999999
96,72000,429.37,579.5
104,72000,441.47,563.6999999999999
112,72000,475.02,523.8000000000001
120,72000,440.45,565.0
128,72000,462.86,537.6
136,72000,447.69,555.8
144,72000,439.11,566.6999999999999
152,72000,428.23,581.1
160,72000,432.23,575.6999999999999
168,72000,458.57,542.6
176,72000,414.51,600.3
184,72000,413.48,601.8
192,72000,424.4,586.3000000000001
200,72000,418.94,594.0
208,72000,447.43,556.2
216,72000,412.9,602.7
224,72000,425.18,585.3
232,72000,426.91,582.9
240,72000,422.43,589.1
248,72000,424.71,585.9
256,72000,453.54,548.7
64,74000,564.25,478.8
72,74000,495.74,545.0
80,74000,518.46,521.1
88,74000,477.93,565.3
96,74000,467.61,577.7
104,74000,477.39,565.9
112,74000,478.62,564.5
120,74000,467.57,577.8
128,74000,497.18,543.4
136,74000,461.66,585.2
144,74000,455.92,592.6
152,74000,459.7,587.6999999999999
160,74000,467.81,577.5
168,74000,505.01,535.0
176,74000,461.64,585.2
184,74000,467.93,577.3
192,74000,464.65,581.4
200,74000,464.99,581.0
208,74000,469.32,575.6
216,74000,455.9,592.6
224,74000,461.84,585.0
232,74000,462.54,584.1
240,74000,452.79,596.6999999999999
248,74000,457.78,590.1
256,74000,461.24,585.7
64,76000,554.68,527.6
72,76000,539.19,542.8
80,76000,562.06,520.6999999999999
88,76000,511.77,571.9
96,76000,533.51,548.6
104,76000,513.15,570.3000000000001
112,76000,527.26,555.1
120,76000,496.89,589.0
128,76000,524.06,558.4
136,76000,509.82,574.0
144,76000,508.55,575.5
152,76000,488.09,599.6
160,76000,489.52,597.8
168,76000,543.25,538.6999999999999
176,76000,503.09,581.7
184,76000,507.14,577.1
192,76000,502.74,582.1
200,76000,501.99,583.0
208,76000,519.0,563.9
216,76000,487.76,600.0
224,76000,499.63,585.8
232,76000,492.95,593.7
240,76000,509.69,574.2
248,76000,505.33,579.1
256,76000,505.55,578.9
64,78000,613.0,516.0999999999999
72,78000,573.98,551.1999999999999
80,78000,628.44,503.4
88,78000,550.29,574.9
96,78000,552.46,572.7
104,78000,558.67,566.3000000000001
112,78000,552.65,572.5
120,78000,536.33,589.9
128,78000,557.69,567.3
136,78000,541.6,584.1999999999999
144,78000,530.53,596.3
152,78000,542.78,582.9
160,78000,556.31,568.7
168,78000,599.15,528.0
176,78000,551.26,573.9
184,78000,546.51,578.9
192,78000,527.89,599.3000000000001
200,78000,531.59,595.2
208,78000,567.28,557.7
216,78000,528.29,598.9
224,78000,539.8,586.1
232,78000,530.07,596.9
240,78000,553.4,571.6999999999999
248,78000,532.01,594.7
256,78000,548.97,576.3
64,80000,657.09,519.5
72,80000,621.35,549.4
80,80000,669.47,509.90000000000003
88,80000,595.09,573.6
96,80000,607.54,561.8000000000001
104,80000,594.83,573.9
112,80000,582.37,586.1
120,80000,619.88,550.6999999999999
128,80000,599.78,569.1
136,80000,602.71,566.3000000000001
144,80000,597.82,571.0
152,80000,590.71,577.8
160,80000,577.68,590.9
168,80000,622.26,548.6
176,80000,582.94,585.6
184,80000,562.43,606.9
192,80000,572.67,596.1
200,80000,617.97,552.4
208,80000,584.16,584.3
216,80000,570.8,598.0
224,80000,582.52,586.0
232,80000,588.85,579.6999999999999
240,80000,587.57,580.9
248,80000,589.58,579.0
256,80000,584.38,584.1
64,82000,692.12,531.1
72,82000,683.12,538.1
80,82000,735.32,499.9
88,82000,658.11,558.5
96,82000,650.49,565.1
104,82000,640.18,574.2
112,82000,636.82,577.2
120,82000,629.55,583.9000000000001
128,82000,630.82,582.7
136,82000,635.04,578.8000000000001
144,82000,644.61,570.2
152,82000,612.71,599.9
160,82000,632.39,581.3
168,82000,678.55,541.6999999999999
176,82000,627.67,585.6
184,82000,619.45,593.4
192,82000,626.28,586.9
200,82000,627.15,586.1
208,82000,649.57,565.9
216,82000,622.04,590.9
224,82000,621.38,591.6
232,82000,605.7,606.9
240,82000,621.82,591.2
248,82000,623.65,589.4
256,82000,644.39,570.4
